world: end
x: -39.40879730233783
y: 58.0
z: 85.5898665067797
yaw: 184.80664
pitch: 13.348548
name: end
lastowner: ccc510af-71d1-3975-80fd-69db6cb7b641
