world: end
x: 299892.2836338045
y: 66.0
z: -299746.8209443496
yaw: -270.1966
pitch: 21.206581
name: endcity
lastowner: ccc510af-71d1-3975-80fd-69db6cb7b641
