world: lobby
x: -90.48163040313564
y: 79.0
z: 130.57105647796197
yaw: 92.69987
pitch: 10.049934
name: lobby
lastowner: 5fe1afe9-2156-3878-8f73-ff5de19ac2a7
