world: misionesflat
x: -442.5110251533402
y: 7.783492289416215
z: -471.49050400811757
yaw: 263.14648
pitch: 18.477228
name: mobsminflat
lastowner: ccc510af-71d1-3975-80fd-69db6cb7b641
