world: creativo
x: -248.07181229962194
y: 66.0
z: 172.94340605254658
yaw: -359.74777
pitch: 5.3363304
name: portalcreativo
lastowner: ccc510af-71d1-3975-80fd-69db6cb7b641
